./pre_img\20\IMG20190222114258.png 361 1135 2533 3898
./pre_img\20\IMG20190222114258_1.png 258 1023 2519 3963
./pre_img\20\IMG20190222114258_2.png 255 998 2524 3945
./pre_img\20\IMG20190222114258_3.png 263 998 2505 3932
./pre_img\20\IMG20190222114258_4.png 266 895 2542 3961
./pre_img\20\IMG20190222114258_5.png 310 992 2501 3775
./pre_img\20\IMG20190222114259.png 296 971 2527 3841
./pre_img\20\IMG20190222114259_1.png 331 998 2505 3776
./pre_img\20\IMG20190222114259_2.png 304 967 2503 3765
./pre_img\20\IMG20190222114259_3.png 293 955 2494 3761
./pre_img\20\IMG20190222114259_4.png 269 916 2506 3781
./pre_img\20\IMG20190222114259_5.png 289 959 2498 3783
./pre_img\20\IMG20190222114259_6.png 339 986 2560 3896
./pre_img\20\IMG20190222114259_7.png 355 999 2579 3894
./pre_img\20\IMG20190222114300.png 407 908 2727 3949
./pre_img\20\IMG20190222114300_1.png 360 983 2574 3884
./pre_img\20\IMG20190222114300_2.png 352 1001 2572 3810
./pre_img\20\IMG20190222114300_3.png 266 884 2509 3823
./pre_img\20\IMG20190222114300_4.png 242 910 2510 3758
./pre_img\20\IMG20190222114300_5.png 201 893 2450 3811
./pre_img\26\261.png 1040 576 1786 1326
./pre_img\26\262.png 834 520 1592 1366
./pre_img\26\263.png 707 488 1640 1419
./pre_img\26\264.png 920 563 1726 1433
./pre_img\26\265.png
./pre_img\26\266.png 952 606 1796 1503
./pre_img\26\267.png 1922 1072 2306 1527
./pre_img\26\268.png 559 600 1438 1421
./pre_img\26\269.png 672 527 1669 1416
./pre_img\26\frame0.png 660 167 1045 675
./pre_img\26\frame1.png 668 170 1039 676
./pre_img\26\frame10.png 677 156 1040 652
./pre_img\26\frame100.png 645 230 1074 831
./pre_img\26\frame11.png 673 142 1032 640
./pre_img\26\frame12.png 680 147 1059 671
./pre_img\26\frame13.png 685 151 1059 669
./pre_img\26\frame14.png 683 153 1058 670
./pre_img\26\frame15.png 681 150 1057 674
./pre_img\26\frame16.png 678 150 1060 677
./pre_img\26\frame17.png 678 151 1057 679
./pre_img\26\frame18.png 681 158 1056 680
./pre_img\26\frame19.png 685 165 1060 681
./pre_img\26\frame2.png 671 162 1054 673
./pre_img\26\frame20.png 688 166 1066 685
./pre_img\26\frame21.png 702 183 1077 687
./pre_img\26\frame22.png 699 167 1077 687
./pre_img\26\frame23.png 701 161 1086 687
./pre_img\26\frame24.png 710 175 1081 688
./pre_img\26\frame25.png 718 173 1093 680
./pre_img\26\frame26.png 713 168 1095 679
./pre_img\26\frame27.png 720 166 1104 680
./pre_img\26\frame28.png 730 166 1110 676
./pre_img\26\frame29.png 743 170 1130 678
./pre_img\26\frame3.png 672 162 1045 671
./pre_img\26\frame30.png 746 168 1129 685
./pre_img\26\frame31.png 754 170 1145 691
./pre_img\26\frame32.png 747 157 1143 695
./pre_img\26\frame33.png 752 164 1148 696
./pre_img\26\frame34.png 752 163 1151 701
./pre_img\26\frame35.png 754 166 1152 685
./pre_img\26\frame36.png 743 175 1137 687
./pre_img\26\frame37.png 737 176 1117 693
./pre_img\26\frame38.png 727 168 1112 705
./pre_img\26\frame39.png 722 162 1108 699
./pre_img\26\frame4.png 670 160 1047 676
./pre_img\26\frame40.png 732 165 1124 693
./pre_img\26\frame41.png 711 151 1112 692
./pre_img\26\frame42.png 712 148 1116 680
./pre_img\26\frame43.png 704 142 1103 687
./pre_img\26\frame44.png 692 144 1093 688
./pre_img\26\frame45.png 687 141 1086 695
./pre_img\26\frame46.png 681 141 1081 698
./pre_img\26\frame47.png 680 167 1070 705
./pre_img\26\frame48.png 680 179 1076 705
./pre_img\26\frame49.png 666 169 1059 724
./pre_img\26\frame5.png 671 159 1046 675
./pre_img\26\frame50.png 658 175 1061 725
./pre_img\26\frame51.png 674 182 1067 720
./pre_img\26\frame52.png 678 180 1072 719
./pre_img\26\frame53.png 680 181 1079 733
./pre_img\26\frame54.png 677 189 1069 724
./pre_img\26\frame55.png 685 176 1079 721
./pre_img\26\frame56.png 680 209 1073 749
./pre_img\26\frame57.png 672 191 1072 752
./pre_img\26\frame58.png 670 216 1065 752
./pre_img\26\frame59.png 658 209 1058 754
./pre_img\26\frame6.png 671 156 1047 673
./pre_img\26\frame60.png 651 207 1051 753
./pre_img\26\frame61.png 649 194 1053 760
./pre_img\26\frame62.png 652 200 1052 761
./pre_img\26\frame63.png 648 198 1053 767
./pre_img\26\frame64.png 644 227 1039 765
./pre_img\26\frame65.png 644 204 1044 767
./pre_img\26\frame66.png 646 204 1048 770
./pre_img\26\frame67.png 635 184 1062 773
./pre_img\26\frame68.png 651 222 1043 777
./pre_img\26\frame69.png 640 213 1047 787
./pre_img\26\frame7.png 671 150 1052 673
./pre_img\26\frame70.png 632 209 1048 786
./pre_img\26\frame71.png 656 246 1050 780
./pre_img\26\frame72.png 656 245 1050 783
./pre_img\26\frame73.png 655 249 1050 784
./pre_img\26\frame74.png 655 250 1049 784
./pre_img\26\frame75.png 654 249 1049 786
./pre_img\26\frame76.png 654 245 1049 784
./pre_img\26\frame77.png 653 246 1047 783
./pre_img\26\frame78.png 642 212 1060 791
./pre_img\26\frame79.png 649 221 1053 785
./pre_img\26\frame8.png 673 150 1050 674
./pre_img\26\frame80.png 650 226 1044 788
./pre_img\26\frame81.png 617 196 1043 786
./pre_img\26\frame82.png 612 197 1039 793
./pre_img\26\frame83.png 611 203 1037 790
./pre_img\26\frame84.png 613 206 1040 792
./pre_img\26\frame85.png 623 213 1015 763
./pre_img\26\frame86.png 625 207 1031 785
./pre_img\26\frame87.png 621 217 1038 793
./pre_img\26\frame88.png 645 222 1042 782
./pre_img\26\frame89.png 647 220 1045 784
./pre_img\26\frame9.png 672 156 1040 665
./pre_img\26\frame90.png 639 230 1030 781
./pre_img\26\frame91.png 587 201 1030 816
./pre_img\26\frame92.png 605 213 1028 811
./pre_img\26\frame93.png 619 234 1041 814
./pre_img\26\frame94.png 622 213 1052 813
./pre_img\26\frame95.png 634 224 1044 815
./pre_img\26\frame96.png 641 225 1054 812
./pre_img\26\frame97.png 645 223 1062 819
./pre_img\26\frame98.png 655 231 1073 818
./pre_img\26\frame99.png 657 234 1077 832
./pre_img\26\IMG20190221183125.png 475 867 2481 3594
./pre_img\26\IMG20190221183126.png 385 771 2578 3608
./pre_img\26\IMG20190221183126_1.png 415 776 2586 3641
./pre_img\26\IMG20190221183126_2.png 412 866 2586 3679
./pre_img\26\IMG20190221183126_3.png 384 846 2547 3676
./pre_img\26\IMG20190221183126_4.png 383 868 2531 3671
./pre_img\26\IMG20190221183126_5.png 369 843 2495 3698
./pre_img\26\IMG20190221183126_6.png 432 974 2466 3708
./pre_img\26\IMG20190221183126_7.png 423 908 2521 3761
./pre_img\26\IMG20190221183126_8.png 378 901 2531 3769
./pre_img\26\IMG20190221183127.png 371 919 2517 3794
./pre_img\26\IMG20190221183127_1.png 364 926 2510 3775
./pre_img\26\IMG20190221183127_2.png 378 1043 2392 3749
./pre_img\26\IMG20190221183127_3.png 331 890 2478 3755
./pre_img\26\IMG20190221183127_4.png 308 875 2445 3726
./pre_img\26\IMG20190221183127_5.png 340 871 2469 3733
./pre_img\26\IMG20190221183127_6.png 368 897 2469 3757
./pre_img\26\IMG20190221183127_7.png 351 890 2494 3771
./pre_img\26\IMG20190221183127_8.png 372 915 2485 3782
./pre_img\26\IMG20190221183127_9.png 373 903 2503 3779
./pre_img\45\IMG20190222114135.png 655 991 2708 3507
./pre_img\45\IMG20190222114135_1.png 676 955 2733 3512
./pre_img\45\IMG20190222114135_2.png 662 946 2729 3514
./pre_img\45\IMG20190222114135_3.png 682 887 2779 3506
./pre_img\45\IMG20190222114136.png 649 906 2763 3526
./pre_img\45\IMG20190222114136_1.png 804 1040 2762 3521
./pre_img\45\IMG20190222114136_2.png 709 950 2789 3513
./pre_img\45\IMG20190222114136_3.png 667 949 2744 3545
./pre_img\45\IMG20190222114136_4.png 693 952 2727 3541
./pre_img\45\IMG20190222114136_5.png 642 954 2729 3475
./pre_img\45\IMG20190222114136_6.png 666 999 2623 3467
./pre_img\45\IMG20190222114136_7.png 433 885 2531 3500
./pre_img\45\IMG20190222114137.png 459 923 2531 3513
./pre_img\45\IMG20190222114137_1.png 410 908 2522 3542
./pre_img\45\IMG20190222114137_2.png 443 923 2522 3539
./pre_img\45\IMG20190222114137_3.png 435 919 2522 3566
./pre_img\45\IMG20190222114137_4.png 525 1000 2652 3600
./pre_img\45\IMG20190222114137_5.png 402 1063 2426 3583
./pre_img\45\IMG20190222114137_6.png 278 982 2400 3599
./pre_img\45\IMG20190222114137_7.png 259 1128 2224 3633
./pre_img\46\154.png 365 445 876 1071
./pre_img\46\1866.png 265 334 624 787
./pre_img\46\188.png 244 279 528 610
./pre_img\46\20180411_085105.png 390 259 757 714
./pre_img\46\461.png
./pre_img\46\462.png
./pre_img\46\463.png
./pre_img\46\464.png 860 908 1585 1777
./pre_img\46\465.png
./pre_img\46\466.png 1024 609 1822 1586
./pre_img\46\467.png 1021 854 1092 944
./pre_img\46\468.png 1099 341 2040 1369
./pre_img\46\469.png 798 546 1596 1391
./pre_img\46\IMG20190221183047.png 485 1239 2587 3941
./pre_img\46\IMG20190221183047_1.png 382 1030 2644 3978
./pre_img\46\IMG20190221183047_2.png 415 1027 2655 3925
./pre_img\46\IMG20190221183047_3.png 393 1040 2540 3832
./pre_img\46\IMG20190221183047_4.png 335 957 2575 3856
./pre_img\46\IMG20190221183047_5.png 436 1123 2602 3898
./pre_img\46\IMG20190221183047_6.png 378 1036 2630 3907
./pre_img\46\IMG20190221183047_7.png 322 985 2614 3941
./pre_img\46\IMG20190221183048.png 321 956 2637 3945
./pre_img\46\IMG20190221183048_1.png 308 1044 2593 3940
./pre_img\46\IMG20190221183048_2.png 412 1090 2611 3929
./pre_img\46\IMG20190221183048_3.png 455 1174 2582 3908
./pre_img\46\IMG20190221183048_4.png 384 1065 2612 3929
./pre_img\46\IMG20190221183048_5.png 389 1041 2653 3953
./pre_img\46\IMG20190221183048_6.png 298 1037 2550 3902
./pre_img\46\IMG20190221183048_7.png 388 1065 2644 3952
./pre_img\46\IMG20190221183048_8.png 346 1025 2623 3941
./pre_img\46\IMG20190221183048_9.png 303 1030 2561 3981
./pre_img\46\IMG20190221183049.png 368 1110 2518 3909
./pre_img\46\IMG20190221183049_1.png 411 1159 2539 3851
./pre_img\46\IMG_1604.png 2411 780 2627 1082
./pre_img\46\IMG_1630.png 1028 481 1632 1244
./pre_img\46\IMG_1633.png 862 407 1252 914
./pre_img\46\IMG_1636.png 596 376 1090 979
./pre_img\46\IMG_1666.png 2822 1480 3635 2389
./pre_img\46\IMG_1676.png 3269 842 3690 1329
./pre_img\46\IMG_1687.png 343 300 692 699
./pre_img\46\IMG_3482.png 2321 927 3114 1862
./pre_img\46\IMG_3500.png 2058 679 3077 1940
./pre_img\46\IMG_3508.png 2616 782 3261 1553
./pre_img\46\IMG_3511.png 856 734 880 761
./pre_img\46\IMG_3559.png 3626 947 4186 1649
./pre_img\46\IMG_6872 (2).png 994 628 1346 1066
./pre_img\46\IMG_6914 (2).png 1015 560 1392 1044
./pre_img\46\IMG_7134.png 1158 669 1185 703
./pre_img\46\IMG_7376.png 922 727 1310 1221
./pre_img\46\IMG_7617.png 1307 740 1818 1363
./pre_img\46\IMG_7643.png 218 709 1068 1924
./pre_img\46\IMG_7644.png 334 580 1302 1878
./pre_img\46\IMG_7646.png 791 1056 1201 1614
./pre_img\50\501.png 927 687 1613 1339
./pre_img\50\502.png
./pre_img\50\503.png
./pre_img\50\504.png 876 745 1689 1640
./pre_img\50\505.png 2892 712 2932 754
./pre_img\50\506.png 2851 770 2895 826
./pre_img\50\507.png
./pre_img\50\508.png 641 733 1407 1436
./pre_img\50\509.png 1047 694 1698 1436
./pre_img\50\IMG-20180531-WA0008.png 1155 840 1464 1218
./pre_img\50\IMG-20181018-WA0071.png 552 97 832 447
./pre_img\50\IMG-20190318-WA0008.png 18 230 298 576
./pre_img\50\IMG20190221183214.png 403 1133 2637 3979
./pre_img\50\IMG20190221183215.png 379 1119 2635 3964
./pre_img\50\IMG20190221183215_1.png 379 1114 2642 3962
./pre_img\50\IMG20190221183215_2.png 391 1131 2601 3944
./pre_img\50\IMG20190221183215_3.png 382 1130 2594 3946
./pre_img\50\IMG20190221183215_4.png 405 1172 2589 3949
./pre_img\50\IMG20190221183215_5.png 425 1153 2616 3931
./pre_img\50\IMG20190221183215_6.png 459 1072 2663 3884
./pre_img\50\IMG20190221183215_7.png 499 1069 2710 3872
./pre_img\50\IMG20190221183215_8.png 412 1042 2630 3845
./pre_img\50\IMG20190221183216.png 478 1067 2634 3831
./pre_img\50\IMG20190221183216_1.png 459 1069 2627 3854
./pre_img\50\IMG20190221183216_2.png 422 1042 2626 3846
./pre_img\50\IMG20190221183216_3.png 396 1024 2625 3860
./pre_img\50\IMG20190221183216_4.png 395 1025 2633 3871
./pre_img\50\IMG20190221183216_5.png 408 1037 2633 3874
./pre_img\50\IMG20190221183216_6.png 379 1012 2641 3875
./pre_img\50\IMG20190221183217.png 402 1018 2662 3878
./pre_img\50\IMG20190221183218.png 384 1003 2691 3875
./pre_img\50\IMG20190221183218_1.png 405 1031 2707 3881
./pre_img\50\IMG_20180826_102123.png 625 1194 1890 2396
./pre_img\50\IMG_20180826_102133.png 561 985 1443 1904
./pre_img\50\IMG_20180826_102142.png
./pre_img\50\IMG_20180904_163039.png 2355 509 3203 1592
./pre_img\50\IMG_20180908_164956.png
./pre_img\50\IMG_20180921_201828_065.png 986 543 1652 1416
./pre_img\50\IMG_20180929_130859.png 2869 502 3491 1297
./pre_img\50\IMG_20180929_131425.png 2373 402 2986 1165
./pre_img\50\IMG_20180930_201631_932.png 1943 390 2532 1136
./pre_img\50\IMG_20181009_213822_177.png 1883 489 2511 1294
./pre_img\50\IMG_20181011_161644.png
./pre_img\50\IMG_20181011_161645.png
./pre_img\50\IMG_20181025_135034_665.png 850 970 1801 2116
./pre_img\50\IMG_20181108_173650.png
./pre_img\50\IMG_20181108_173653.png 2137 1854 2303 2077
./pre_img\50\IMG_20181213_220758.png 1125 1036 1651 1533
./pre_img\50\IMG_20181221_183106.png 630 1595 659 1630
./pre_img\50\IMG_20190105_223258.png 852 584 1394 1266
./pre_img\50\IMG_20190105_223301.png
./pre_img\50\IMG_20190106_133619.png
./pre_img\50\IMG_20190106_193010.png
./pre_img\50\IMG_20190106_201659.png
./pre_img\50\IMG_20190107_182233.png
./pre_img\50\IMG_20190107_182247.png 1757 502 2338 1205
./pre_img\50\IMG_20190114_072843.png
./pre_img\50\IMG_20190114_073131.png 1717 691 2361 1408
./pre_img\50\IMG_20190114_073139.png 1335 725 1969 1424
./pre_img\50\IMG_20190114_115525.png
./pre_img\50\IMG_20190114_124401.png 865 967 1322 1527
./pre_img\50\IMG_20190114_124407.png 2328 1503 2359 1542
./pre_img\50\IMG_20190115_125918.png 3496 2309 3551 2392
./pre_img\50\IMG_20190115_130342.png 1281 1251 1303 1282
./pre_img\50\IMG_20190115_130437.png
./pre_img\50\IMG_20190115_130453.png
./pre_img\50\IMG_20190225_214503_994.png 301 209 675 662
./pre_img\50\IMG_20190303_235525_473.png 572 1439 801 1718
./pre_img\50\photo.png 42 38 95 106
./pre_img\50\PhotoEditor_20190225_213946120.png 627 768 1185 1461
./pre_img\50\PhotoEditor_20190303_112902218.png 572 1439 801 1718
./pre_img\50\Screenshot_20181118-235527.png 375 412 591 671
./pre_img\51\5110.png 1051 429 1855 1278
./pre_img\51\5111.png 763 525 1554 1296
./pre_img\51\5112.png 885 620 1594 1375
./pre_img\51\5113.png 1447 1060 1722 1452
./pre_img\51\5114.png 1830 1109 2136 1509
./pre_img\51\5115.png 1275 693 1561 1033
./pre_img\51\5116.png 969 600 1688 1427
./pre_img\51\5117.png 1133 599 1873 1340
./pre_img\51\5118.png 1180 592 1949 1379
./pre_img\51\5119.png 675 592 1432 1402
./pre_img\51\5120.png 791 528 1532 1270
./pre_img\51\IMG20190221183145.png 302 866 2760 3794
./pre_img\51\IMG20190221183145_1.png 306 935 2629 3780
./pre_img\51\IMG20190221183146.png 203 902 2664 3788
./pre_img\51\IMG20190221183146_1.png 297 979 2569 3721
./pre_img\51\IMG20190221183146_2.png 230 896 2652 3741
./pre_img\51\IMG20190221183146_3.png 221 895 2647 3743
./pre_img\51\IMG20190221183146_4.png 186 872 2660 3776
./pre_img\51\IMG20190221183146_5.png 249 812 2704 3737
./pre_img\51\IMG20190221183146_6.png 315 844 2712 3720
./pre_img\51\IMG20190221183147.png 255 822 2704 3757
./pre_img\51\IMG20190221183147_1.png 249 808 2705 3733
./pre_img\51\IMG20190221183147_10.png 270 949 2658 3769
./pre_img\51\IMG20190221183147_2.png 283 764 2586 3643
./pre_img\51\IMG20190221183147_3.png 291 757 2579 3636
./pre_img\51\IMG20190221183147_4.png 240 782 2562 3693
./pre_img\51\IMG20190221183147_5.png 298 836 2720 3748
./pre_img\51\IMG20190221183147_6.png 310 829 2736 3765
./pre_img\51\IMG20190221183147_7.png 288 864 2708 3777
./pre_img\51\IMG20190221183147_8.png 285 862 2712 3790
./pre_img\51\IMG20190221183147_9.png 336 966 2650 3755
